0
0
0
0.0004954924196257659
0.0006959903518565801
0.0008137263812733747
0.0008080648828283288
0.0009482790980224929
0.0006973411238776924
0.0006884775369307239
0.000295874513585159
0.0004069942559682693
0.00034498715944079975
0.0005440050383862121
0.0007660028221460316
0.0008084191580601259
0.0006109458466369074
0.0006156481380046558
0.0005593721408137735
0.00035666024531248665
0.00027148377741979406
0.00025196200701108344
0.00021161832895702626
0.00010387441631931179
7.238889235453826e-05
7.021161818312564e-05
-8.138943505821123e-05
-0.00014198066524808307
0.00010926716823406734
0.000179958507413892
0.000287242633580878
0.0003898243681688077
0.000374671141529015
0.0005408544158067487
0.00043722120045515276
0.0002968988390551815
0.00030794232006701495
0.00019818025725554134
0.00012233169338132937
0.0001714521872901614
0.00018898512465513454
0.00020958307137989237
0.0004599307253008885
0.0005384153401324985
0.0006371628424083867
0.0007299065829807173
0.0008229753763997896
0.0009139809750779396
0.0010330146918834655
0.0010787512381609545
0.0010637634917905873
0.0009636369275037754
0.0010287444784529893
0.0009372745053199513
0.0008870171740841724
0.0007191417151769604
0.0007962984420921264
0.0008460543252311468
0.0008043440949200326
0.0007145882994121124
0.0006472778781486326
0.0006456271905550512
0.0005789280048516405
0.0007332669402893751
0.0008730880537950285
0.000830237208140606
0.0007998273436239864
0.000709434950461513
0.0007585776155598363
0.0006591552818473601
0.0005223375826545531
0.0005526565644305726
0.0006724636431347326
0.000662789992920218
0.0006496474812991115
0.0006326003946559988
0.0006086130456052477
0.0005380835051283364
0.00045775543692868313
0.0005654453283076409
0.000670680040128275
0.0008434103618785728
0.0008944260933926357
0.0009707885782777829
0.0009279786745200603
0.001006367234830707
0.0010080281678247407
0.0010505147107040455
0.0010970011996692915
0.0011381149959563183
0.0012037742359111378
0.0012638222678013446
0.00123635860988051
0.0012470773717488015
0.001151808578014667
0.0011668201432501566
0.001232482901535549
0.001147028670426967
0.0011377068712928686
0.0011600246295294428
0.0012897755999871194
0.0012691524566129076
0.0012877603150314577
0.0012792792604754135
0.0013559864490224232
0.0012371111268613952
0.0012288213213521723
0.0011710697851612453
0.0011470322834804662
0.001008270079041253
0.0009399631951475658
0.0010011173575088024
0.0010435966729477743
0.0011161134537789263
0.0011678022638315277
0.0013261934333331689
0.0013813965891799507
0.001528108795356686
0.0016514267452172448
0.0017471376732453722
0.001774469466641931
0.001711849780648845
0.001644663647693395
0.0016062864097528707
0.0016792682420790198
0.001656824077316174
0.0016341298093678369
0.0016256482634655059
0.001590138381250135
0.0015784556824043569
0.0016051170605031915
0.0016262392145193576
0.0016950356116999783
0.0016933948333052974
0.0017283958639754437
0.0017493972715757374
0.0016855905868284628
0.0016459557382804608
0.001589785920085362
0.0016039486586142146
0.0016378604605646642
0.0016103189657378455
0.0016129603842826125
0.0015308014345407999
0.001455973329881664
0.0014800009584299432
0.0014685500095207385
0.0014176597272369132
0.0014102020125554623
0.0014549714686057475
0.001586403199328788
0.0016123109008559186
0.0016725759984000687
0.0017471946646675518
0.0017553764540983693
0.001762367622627093
0.0017881812162857168
0.0017741916218093519
0.0017498400097154113
0.0018165994009191606
0.0018598176478826633
0.0019147070630887062
0.001971067441508205
0.00203635692432666
0.0020716316491877942
0.002098545464253954
0.002033717138303182
0.0019684522604763847
0.0019393495130711651
0.001953687379662011
0.0018870910587217224
0.0018758446216077852
0.001827940590216851
0.0018367571636121668
0.0018951152105233923
0.0018397848723858562
0.001883946340631029
0.0018091266958442493
0.0016977729315009907
0.0016088838830619577
0.0015895556276328414
0.0017335010444158969
0.0017249996741951984
0.0018417602356641356
0.0018178491517461515
0.0019081220019457794
0.0018911629194466987
0.0018331712536424206
0.0018182119937046161
0.0018184008052804332
0.001829943024854658
0.0018172656988839193
0.001865691150726813
0.001871353660990507
0.0019255259492624494
0.0019796121502319254
0.002024140961987795
0.0019743968213722786
0.0019151215791986807
0.0018951365430520456
0.001847396823845208
0.0019456606486174257
0.002009817096630284
0.001977776973948065
0.002002823871375837
0.001957708462036977
0.0019686192015855404
0.0019497218892317258
0.002050189995205192
0.002062266511358388
0.0020722928688680633
0.0020929523501321276
0.0022249879928104774
0.0022343331289610985
0.0022715601230987002
0.0023971218679156372
0.0024398001454017126
0.002330630510511537
0.002258185582943117
0.002240551477527435
0.002244905567829999
0.002214808726357813
0.0022002335168926613
0.0022290356953205684
0.0023085568640408565
0.00238550692569401
0.002366728201092549
0.0023588475287510645
0.0023128644275344293
0.002341503165816521
0.002402839636065585
0.0023931316120116525
0.0024211947206883295
0.0024493455743329457
0.0024574784212329777
0.0024916013762112726
0.0025034668305475836
0.0025389658867408915
0.0025575886848079802
0.0025663526652208476
0.002560520148322965
0.0025468410616423715
0.0025361291689753093
0.0025365201520235604
0.0025523995943699147
0.002551556093918378
0.00257307561515427
0.002583268011698638
0.0025955936159422813
0.0026460122773924307
0.0026356536464494256
0.0026251399792192437
0.002622286991654594
0.0026230672931519543
0.002620442951461772
0.0026024873280513015
0.0026177440260561177
0.0026605863042106375
0.002671852661189542
0.0027353794469088992
0.002772016593391742
0.00282317935264173
0.0028938157971893207
0.0028879242162366823
0.002949463186991034
0.002950203586203222
0.002941601602256956
0.0029368735935545293
0.0029426327393881264
0.0029542729777193542
0.0029482611072710776
0.002923963491625967
0.002926801366540067
0.0028751049887866024
0.002882867012146296
0.0028512703946825774
0.0028846858243866385
0.0028924083539533605
0.00286774436807113
0.0028515825826235046
0.0027976196861539734
0.0028148183666275774
0.002760732772822787
0.0027234147909081944
0.0027013917828585536
0.0027155930684633536
0.0027093977354780163
0.0027399471616271556
0.0027488253246672188
0.0026702371125503564
0.0026901877250098552
0.002723295189925593
0.0027115866898089125
0.0027094575795702427
0.0026473302802849413
0.002677398598068934
0.0026684791241876915
0.002683424847047893
0.002664327654694483
0.002598852484439237
0.0025937256406241174
0.0025514815363053742
0.0024911654894048843
0.002439427384384712
0.0024349953833226077
0.0024321512719243554
0.002473025229590226
0.0025133317184571563
0.0025426477080240867
0.0025911775688921635
0.002611836347416428
0.0026023184954572015
0.0025997528306551327
0.002651471862479428
0.002652990334951981
0.002678800395048546
0.0027137037108432467
0.0027336142584880366
0.0027506795382692397
0.002767051395320099
0.0028029267150433937
0.0028231748363582135
0.0028737395554511175
0.002944398726642849
0.0029620594089193146
0.0029441033273493395
0.0028881864044723
0.0029357389734632295
0.002975245998543209
0.002966360299349202
0.0029155455825903083
0.0028834564698066185
0.002870879401541429
0.0028175879448787927
0.0028451859309906076
0.002902630037045095
0.00292477844956068
0.002959665509102175
0.0029450009607029965
0.0029400397804161273
0.002870876761749101
0.0028523958586518373
0.0028385714805637444
0.002772086410203643
0.0027537347620466015
0.0027894378738822522
0.0027917494420289803
0.0028162618497100168
0.0028493300696793467
0.0029005327374746156
0.002868894534981003
0.0028596140829126593
0.0028659583652711124
0.002900702905693937
0.0029057481501719106
0.00293652190555526
0.0029435341556241137
0.002901092821768056
0.0028942725733903576
0.0028510540380185427
0.0028117191138518857
0.002836656477340636
0.002878146499595539
0.0028967835558217233
0.00287529000459651
0.002951026302169683
0.0029378059585435552
0.0029816827746916527
0.0030084240807671378
0.003009915034664018
0.0030041851463305696
0.0029994743662289033
0.0030162978593053585
0.0029816805546246995
0.0029634740117269183
0.0030317685125318262
0.003052301589312082
0.0030616217045807176
0.0031067996331837805
0.003111950258278306
0.003104067450466766
0.0031072655571190754
0.003139944327969593
0.0031581262589265233
0.003177935779260426
0.0031941756257717053
0.003221300758531684
0.0031967466543900876
0.003259058519749918
0.0032324091560648346
0.003293288552686433
0.003346681978836096
0.00334714354139979
0.0033500362735122656
0.003317515260431403
0.0032830232221392193
0.0033357568619882053
0.003368529412777159
0.003341018742639308
0.0033388555959534823
0.0033133133090239458
0.003336034290967342
0.003298112928500322
0.0032636255394615015
0.0033087920738046855
0.0032416441782146164
0.003314184964555496
0.0033849898145457014
0.0033860303104769124
0.0034238685744250224
0.0034442468507347957
0.0035102218246617894
0.003497532882785427
0.003478516264148157
0.0034535700455438655
0.0034640066148839965
0.003449994005692998
0.0034317196415319775
0.0034107181893317847
0.0034294691392208576
0.0034063911889658147
0.0034091583157422234
0.0033404276142192744
0.003295884837252321
0.003275393727062656
0.0032745464938424007
0.0032838132895593305
0.0032895006442156777
0.003324360861385152
0.003343783878994179
0.003387062590830324
0.003392563303048386
0.003436428300893416
0.0034931573815664974
0.003493287802142683
0.0034826766144539375
0.0034376490239600025
0.003427963894456365
0.0034134313467907886
0.0034094169262826103
0.00342893104030554
0.003413356600188661
0.0034473546669414818
0.0035144700495592625
0.003558840272142868
0.0035884382879247147
0.003589276186252037
0.0036085400108714326
0.0035787326640790147
0.003565501514435577
0.0035746047372727115
0.0035732425873829772
0.0036117439749204284
0.0036458408694046074
0.003625154087603546
0.003679829772943396
0.0036727785816934857
0.003675904539936959
0.0036300774028271516
0.0035754956590410515
0.0035139928107305114
0.0035021659946734944
0.0035244630053415816
0.0035362740234090107
0.0035526213099071466
0.0035857265835927605
0.0036147347972900093
0.003629635055047555
0.0036739465379153568
0.0036434593236302796
0.0036647365859362405
0.0036063237873857163
0.0036142755049699046
0.003596398601429761
0.0035719125713200204
0.003554038948508178
0.0035057477633165792
0.0034949372611503935
0.003482730438846846
0.003473986368804957
0.003490172149234316
0.00340380957079714
0.003361255512557862
0.0033372947707794314
0.003346636205186118
0.0033487780870665456
0.0033433970691247425
0.00334922136233924
0.003362410073228998
0.003330971170566313
0.0032785606241600516
0.0032358855063265
0.0032068139356519897
0.0031975213446496296
0.003175112539798924
0.003158816094558976
0.003149935552892853
0.0031595604801860667
0.003122892089573724
0.0031396585954391325
0.0031930812564583176
0.0032189303575475164
0.0032306334349618306
0.0032370506496124125
0.003295769623132911
0.003304078527362976
0.0033226502617485164
0.003353856240691575
0.0033616389840263002
0.0033303262112318044
0.0033504670189772384
0.0033728689296717435
0.0033507780838684044
0.0033742597464521034
0.0034443190172876266
0.0034583909759973784
0.0034205805983060114
0.003434960333646176
0.0034068627757939908
0.003373026641367122
0.0033571034445354993
0.003396516075655593
0.003406174877216426
0.003413431986408752
0.003430058801251544
0.003420858668743431
0.0034586846521360657
0.0034431422546392977
0.003441717102772909
0.0034994929223470944
0.003550009180062389
0.003585424036960632
0.003617430644380711
0.003624070862366336
0.0036442737412997355
0.0036434101944927792
0.0036200393528000503
0.0036302867935931586
0.003623892681773937
0.003609203484652113
0.0035906727099472334
0.003589553379288099
0.0035325441965119164
0.003581053152706402
0.003630528311093391
0.0036103648753083063
0.0036458915663636847
0.0036488496506708597
0.003665332579806324
0.003654951024744166
0.003671734910461253
0.003695083125926268
0.003642671678540702
0.0035941731881745584
0.003598152031438382
0.003550183235363413
0.003538013132724381
0.00349601226985481
0.0034856601358615475
0.00346354388053435
0.0034629331000344096
0.00346220045030036
0.0034440929368643805
0.0034358564721304235
0.0034393025775941175
0.003475491109084683
0.003496881331552177
0.0035495969081224513
0.003546986296058247
0.0035771075080284417
0.0036184493810852056
0.0035703784500420873
0.003603120315444354
0.0036238077446714687
0.0036220659873655433
0.0036046363517811563
0.003652015960460629
0.003629818098867088
0.003632276201744453
0.0036242295821846786
0.003628581106714506
0.003642273320111927
0.0036909213223465277
0.003644943570973749
0.0036874225345581223
0.0036344672793850777
0.0036601568686760013
0.0036364309056526795
0.0036607420785652483
0.003673681946200827
0.0036572123937643865
0.003660432170941103
0.0036309443854708797
0.003630738728763267
0.0036185413455373963
0.0036239661202500484
0.0036214730771804205
0.003613356925837615
0.0036403111903286897
0.0036885976890636105
0.0037053740524735095
0.0037329925612717254
0.0037552840265903465
0.00376922930376776
0.003807701172402418
0.0037946778510665096
0.003759902117286731
0.0037851511862290765
0.003756751792022333
0.0037378346037023687
0.003718289432077516
0.0037197700357479426
0.003730033541312422
0.0037863186983528203
0.0038323116058742598
0.0038782140513650915
0.003918738556192408
0.003930715701700447
0.003913201013319759
0.003861078632293998
0.003876395736433811
0.0038491781337301454
0.0038368635441916733
0.0038089462544263217
0.003798819847804319
0.003841475358937839
0.003859215965823659
0.003914092084090315
0.003950183802226263
0.003986580846323969
0.003952989729173245
0.0039438395319002974
0.003990671979132931
0.00398992576578988
0.003985495918639553
0.004007545217715469
0.004017418287724122
0.004067915681013777
0.004067068663964556
0.0040814429542235155
0.004119450645860467
0.004150501466042422
0.004120150553137175
0.004193547976236042
0.004255271613166944
0.004226439071248766
0.004209264907669457
0.004176932425961577
0.004209709041572791
0.004223770685106626
0.004244205308394632
0.00421611226718994
0.004193779162434962
0.0041741971569798945
0.0041730246378961205
0.004188506053877199
0.004236093324859407
0.004222264510631115
0.004215457781179412
0.004217524619722282
0.004217516397563308
0.004252037431593113
0.004182403544230598
0.004165429864498033
0.004134747353284726
0.004150223122364019
0.004171928261199277
0.004188359562452651
0.004162475504084823
0.004152527040440488
0.004128173498665891
0.004120129607399729
0.004120500107637688
0.004187915795837598
0.004179843134484212
0.004196438294494511
0.004252376409912232
0.004267570043978814
0.004274043729193994
0.004270471110216991
0.004293564591116034
0.004258315701167989
0.0042252440096817966
0.004193483588108108
0.004195479442110135
0.00416928385617307
0.004139451857084453
0.004208384514944472
0.004262811620474162
0.004255754321232129
0.004263974608960428
0.0042695259734462695
0.004301233701065962
0.00430739429613219
0.004301954502796201
0.004313173561689172
0.004367107349150305
0.0043681332927928635
0.004391050379630533
0.0044180392677628634
0.0044382781899279826
0.004444913800208983
0.004448465826507764
0.004461112661233858
0.004487278269429995
0.004524246807603086
0.004522027063732842
0.00455881706225646
0.0046011674955493366
0.004597692629163214
0.004597024818619333
0.004644867041710614
0.004661955151501708
0.004654081419274377
0.0046463690515872345
0.004642790665099829
0.004667305754967187
0.004686203613496248
0.004711738471639936
0.00467134770117287
0.0046989186254103536
0.004676116074935529
0.004711214814098363
0.004736121495549538
0.004712312571915209
0.004693441631717909
0.004720836887969883
0.004719912512917621
0.004721511286099446
0.004742984853054448
0.004692953799142172
0.004719358935805952
0.004685089080734182
0.004662989882715158
0.004668999174791123
0.004650118397254053
0.004617765994218717
0.004625265499030986
0.0046106358176728635
0.004631248286570937
0.004653819948555245
0.004691039284376908
0.004722950292170089
0.004741251964969834
0.004763208653585293
0.0047025837359470635
0.004662008005738229
0.0046287940202281806
0.00463011723214728
0.0046332205720729
0.00460649572717421
0.0045825264328233474
0.004566653270719726
0.004542603469767008
0.004553117677495681
0.004593778646750861
0.0046287362962144215
0.004645284327643812
0.0046664714591129145
0.004676700785991252
0.004667920653811798
0.004665920789118782
0.00469171503618494
0.004705280354620412
0.0047281695049454205
0.004699082917454258
0.004675650534660511
0.004653318719851881
0.0046782521123781996
0.004701971187966914
0.004722528150750886
0.004700378441421023
0.004727906892609107
0.004739966110162532
0.00474116971466824
0.004764283105080421
0.004751046122033088
0.004733874657215161
0.0047227206891458165
0.0047238554307354646
0.004740274950451821
0.004801537592607654
0.004807838686957468
0.0048228154123118264
0.00486206154086458
0.004887043182203364
0.00491420140714635
0.004909622202645004
0.004904038904999056
0.004912532252915752
0.004917238553185923
0.00491746288889935
0.0048968497241864304
0.004952168550928222
0.0049728350827284665
0.004979503392802091
0.0050151571818340375
0.0050567653893116545
0.005058954722141854
0.005042738696842615
0.00501879434661536
0.005006249683270928
0.005014979189143247
0.005004107275485344
0.005022299324198443
0.005042570498258853
0.005067361540205207
0.005059887758020677
0.005069238297993155
0.005040865390512666
0.005080674346455488
0.00510193125998677
0.00514937135067496
0.005194509008385763
0.005219291555243
0.005240817534621126
0.0052559753245387895
0.005263766578324984
0.005243014624236676
0.005247946744138006
0.005228721939477258
0.005211167994322899
0.0051696380643594525
0.005163661226224695
0.005111006462957108
0.005085235765365364
0.0050701393053910575
0.005045948316443822
0.005073304033301765
0.005085166972977961
0.005143056272885349
0.005107384950005573
0.005118455687677976
0.005138657979842774
0.0051004574842294145
0.005068786145877272
0.00506376916766783
0.005063036155065354
0.005033824120066638
0.005003772698634952
0.004988433267055968
0.004989752543360865
0.004970107205060225
0.004997051238330757
0.00504962022355883
0.005096609508920959
0.005116170484664712
0.005097315576997764
0.005078521060677045
0.005095114143165317
0.00507444829205854
0.005081036483888427
0.005057427004345035
0.005081477289512851
0.0051315801299129235
0.005122540038883644
0.005145525218247528
0.005157928205388891
0.00516319801003536
0.005167456399816349
0.0051737208397621345
0.005168941768075247
0.005173013852318574
0.00517459593759171
0.005155059172508759
0.00519758577158675
0.005166912998186955
0.005134789026393094
0.005143890992588293
0.005144595753636871
0.00513057164584665
0.005156650476500226
0.005125588495823329
0.0050963386868873506
0.005090596467782899
0.005095765411949933
0.005082319725143166
0.005039274086476841
0.005074746801357416
0.0050959851155983294
0.005102103964564445
0.005128186485440293
0.00514667570392753
0.005154503856020471
0.005151265523441612
0.0051618377810527935
0.005113624800503221
0.005109695391184477
0.005096005301494417
0.005046008035733218
0.0050840270623271
0.005108077912943927
0.005079868821182269
0.005058001264614876
0.005067779214660187
0.005096206948211098
0.005085379712485585
0.005081518433231897
0.005087045224776735
0.005099750384963394
0.005116885386778704
0.0050916968991749825
0.005113290990117778
0.005125125376629611
0.005113878248426686
0.0051115385496321285
0.005116053218076176
0.005104234030283555
0.005085909810925187
0.005043141409257023
0.0050421763158815585
0.005073310136401061
0.00508108752205496
0.005126165229112658
0.0051386576138994075
0.005155980036893685
0.005162210344677347
0.005174547260574867
0.005185567755652491
0.005201325217857983
0.005207637142291655
0.005207930749934411
0.005227861444510139
0.005256008170738167
0.005243286479908094
0.0052499417932471894
0.005312651770260552
0.005343191823448517
0.005386017744710152
0.0053885509830820435
0.005391828162939898
0.005431713427458041
0.0054584563127893235
0.005459962849642439
0.0054522305484470766
0.005488718195102699
0.005454807059439814
0.005496890267228322
0.005519616939728224
0.0055590993258729775
0.005602678745521007
0.005673498667241689
0.005703053337562124
0.005706468935800845
0.005731721355301805
0.005749060531427593
0.005819095749030219
0.005845153176810901
0.00587099117752873
0.005848184186926709
0.005843708369702154
0.005849079833644552
0.005882019710841752
0.00589052957232963
0.005877597257789679
0.005876938622054736
0.005880543265190601
0.0058813505258568655
0.005890960229617449
0.005906992153880752
0.005922961704160836
0.005926304031621751
0.005955307395845722
0.005958007963756408
0.005932059374042461
0.005942012408209725
0.005899274262889396
0.0059479977684978
0.0059223120517677905
0.005906583759611333
0.005963694589514657
0.005936769971601648
0.005916554767036704
0.0059478769174197135
0.005954955397856969
0.005985385606586129
0.005995556426114956
0.0060039368090180805
0.006021222571585783
0.006022045886594541
0.006038861815329696
0.005994154493032313
0.0060088121574386946
0.005964288983191539
0.0059330370767635456
0.005926063297063181
0.005909336881603798
0.0059265888825320795
0.005927648463381583
0.005913290947289111
0.005858080602173744
0.005846043768779231
0.005883325940827256
0.005822985402548038
0.005800514227940066
0.005833528228909793
0.005854765566960938
0.0058944270045438955
0.005882494887982792
0.005891488986886158
0.0059092746241236
0.005910474638459133
0.005925555966365946
0.005941685108029839
0.005924201616262579
0.005900698120496218
0.005866724182979466
0.005846441217564991
0.005873800509501757
0.005853342939683294
0.005826720057426733
0.005826777884233628
0.005817777029119312
0.00580491939239778
0.005780831760424643
0.0057596193435902315
0.005759278926384225
0.005754024524275625
0.005771239579531378
0.005808986286081648
0.005814656003600875
0.005819088945621265
0.005818958770435753
0.00583728000312976
0.005794375601065379
0.005822102984625865
0.005799614818437562
0.005807414102927641
0.005798296114215972
0.005785769771075481
0.0058332752405851245
0.0058924393696637625
0.005888680455649106
0.0059025818494343055
0.0059048495117823745
0.00592489988520645
0.00594590542236019
0.005959489946236123
0.005977133117958544
0.005983904405158332
0.005972105984054694
0.005986229681935823
0.0059806531296643164
0.006005816617092064
0.006034108413724381
0.006058747780878401
0.006101875938606638
0.006128381903155244
0.006157934112206313
0.006126662396496251
0.00614514617777709
0.00610572894689682
0.006102158060674846
0.0060865185042999785
0.006059742357109
0.006029073349747782
0.005995593654222491
0.005969710325794316
0.006001951064750451
0.00599479430791015
0.006029726354086148
0.006058549661888716
0.0060562778012953926
0.006079572355058632
0.006091756662391991
0.00609360531983949
0.006081469675965338
0.006085918774102496
0.006053558124688512
0.006040166845668066
0.006049495186819618
0.006052231152444867
0.006077947857841785
0.00609851331041804
0.006101302559566297
0.006102580954328965
0.006067704897339856
0.0060299138724159975
0.006022742421216099
0.006025733299456275
0.005994131881007465
0.005973494801063214
0.005944169786083896
0.0059321294562131805
0.005920915002213742
0.005916895727472148
0.005896056551612876
0.005918923787560233
0.005919107966449286
0.0059352648311888955
0.0059488422865580735
0.005963889402832882
0.005973351368951194
0.005952523351386409
0.005929834200666183
0.005938834590321634
0.005926748947696366
0.005914205002379362
0.005923071838494115
0.005913822747198463
0.005902326476253848
0.00589710133329412
0.005881771246407988
0.005888344875192416
0.005889510338517617
0.005924111846701483
0.005922737842264599
0.005931843183204662
0.005948776801061694
0.005964758370154362
0.005971824834337695
0.005972723824359345
0.005983361850026887
0.006012164367473519
0.0059937336547217545
0.006002092433065275
0.005978159863111323
0.006001749396373362
0.0059973687852236885
0.006027193667019426
0.006014972760572784
0.006043633147062141
0.006043704679622361
0.006043196330760658
0.006034772159244957
0.006058745846841053
0.006072042572300132
0.006095125245152565
0.006093233175241702
0.006118667465623256
0.0061157262191159426
0.006132403034582037
0.006120671119878448
0.006113338568722721
0.006092515137904409
0.006080557153785665
0.006032597122961314
0.006049658093039038
0.006039082347882964
0.006052062511405114
0.006049371767511097
0.006062102971197573
0.006046901358946571
0.006059832454374549
0.006054575652331183
0.006037606492298196
0.006025121220354099
0.0060305015421547765
0.00603378583657141
0.006052448918394483
0.0060593519372530245
0.00603997020880779
0.006055600470413432
0.006036530443709813
0.006053219213490722
0.006062649189974245
0.006105108695284124
0.006114186576251866
0.006158701548506921
0.006136646476300968
0.006154009237882621
0.006145009004457514
0.006147014054516291
0.006142583676605746
0.006115957658553722
0.006116078950673339
0.0061302921359932105
0.006153315073616126
0.0061694528513188285
0.006179084635826406
0.006196314059008933
0.006188409612367623
0.006172314109303326
0.006141727402843582
0.006127338916622125
0.0061033945165252
0.006087620886787763
0.0060856406498886444
0.006096659162748881
0.006112398141040558
0.00613906314910501
0.006175074168069982
0.006221936805342221
0.006237472693768437
0.006217564683421463
0.006220282939592121
0.006239109687184901
0.00624314274992385
0.00623623618869788
0.006220014913738666
0.006217992707274534
0.006211910929952779
0.006244446177089605
0.006238270451336143
0.006268763794633597
0.006280686056803276
0.00628804361556677
0.006299669844180747
0.00631422712117432
0.006327847585155144
0.006318323710212426
0.006335477578864442
0.006334665964621261
0.0063160098382907745
0.006335441793574635
0.006327010937279484
0.006355371786119387
0.006362327467995709
0.006383214723389596
0.006363324193589583
0.006335158831521841
0.006323524479880385
0.006305171618489347
0.0063084601397118325
0.0063118753394309215
0.0063171946700528135
0.006330477819229994
0.0063542899422215455
0.00637070132611246
0.006356939382084324
0.0063754717396531015
0.006396644436724731
0.006420300429696246
0.006412744431884512
0.006385255234437405
0.006407023462324161
0.006421580616826039
0.0064538245932376104
0.00644609596142073
0.006479842496081482
0.006497213037259013
0.006489645671505444
0.006477837275739368
0.006475223834941715
0.00647896108044578
0.006501535247251484
0.0064838979018429265
0.006464555029563456
0.0064725400640586435
0.006490113162753006
0.006492155118520476
0.006506923352963008
0.006484307940290298
0.0064854044304643605
0.006506690733063676
0.0064986539715856375
0.006503296010617455
0.006508411485082262
0.006514607620202086
0.006533853222103296
0.006509871000495047
0.006507428967170015
0.006515539731670596
0.0064982374375956295
0.006495296146836741
0.006471783901990523
0.006482503343940666
0.0064954390637587504
0.0064890193313993216
0.006482083250967146
0.006484470760188428
0.006528229852667334
0.006531395006519173
0.006531775334917306
0.006535528674295828
0.006535728426838542
0.006534023421817429
0.006553795330664232
0.006568326155989206
0.006577631385108641
0.00657320982537155
0.006558669886762577
0.006579859116538292
0.0065808042916698966
0.006565802952705853
0.006573523129594398
0.006552842053679509
0.006565820771768955
0.006585021937438258
0.006555603073749707
0.006538378992729489
0.00652313515181182
0.006507688722509619
0.006499213776190405
0.006485265445307197
0.006485971219094496
0.006465010230602331
0.006473940393944597
0.006474633191558758
0.006480974798934785
0.006509764096546448
0.006519363267874975
0.006518757181161064
0.006532852728585429
0.006549625952753533
0.006558727124724322
0.006564388341140472
0.006590942336420589
0.0065856012540785585
0.006596288682613361
0.006581855165082927
0.006577763870273899
0.006554341046649715
0.006535667382136239
0.006568587991964783
0.006553618270248667
0.006593215888992758
0.006625910567645924
0.006646309831293233
0.006637323473256687
0.006626247815302123
0.006614646396065293
0.0066380993653835626
0.006646579375827631
0.006643175362459635
0.00664577300151132
0.006626903834215937
0.006642039176080653
0.006665010361208527
0.006685594270869531
0.006672544701555166
0.006660145944312016
0.006675554234392329
0.006649771405541945
0.00665649910267349
0.006647747096022761
0.006648094119824716
0.006665352998303402
0.006649228434973302
0.006664700947828855
0.006694314571637471
0.006687554965739089
0.006658285299173654
0.006636635674186752
0.006666524760512026
0.00669773816956619
0.006709941942529095
0.006736865129706585
0.0067530107922779406
0.006759502784312269
0.006727486053764048
0.006726811922804005
0.006725324674663765
0.006693360917708223
0.006693534718486328
0.006728472554347728
0.0067329655625340615
0.006734428448037821
0.006776518676258272
0.0067908786320338595
0.006796469896540416
0.006808497278816744
0.00678293022443751
0.006799958986058686
0.006807291487317638
0.006827718875204
0.006835207017263415
0.006847411522206947
0.006840367178000272
0.006857212727133952
0.006878327346520837
0.006869091259511802
0.006888279585801297
0.006913829788444547
0.006890691607624705
0.006873729328070281
0.006907742877866988
0.006940001797964523
0.006927306555753097
0.0069185543915526344
0.006905500529024256
0.0069102493611382645
0.006912005750485063
0.0069154485179525335
0.006900134671148452
0.00690933426185368
0.006900482696560274
0.0069190349937994985
0.0069138893127730205
0.006884212114695885
0.006887376587747709
0.00690081471211832
0.0069129710093184344
0.00693153963964793
0.006948407224311189
0.006980336971343508
0.006962693656703578
0.006950136334568206
0.00695334789977181
0.006966628395691441
0.006950470970698751
0.006955433598171829
0.006972901856218322
0.006998130282670277
0.007008425746342194
0.006985941624923006
0.006981297340636247
0.006979023446779873
0.006987758461041316
0.00696895917473236
0.006960879646724138
0.006933543025981761
0.006930926205588913
0.006929704257813563
0.00691605395134033
0.006914924428580549
0.006918920426151379
0.0069301940129387
0.006908243397091977
0.006940399962583113
0.006952881425068183
0.006963186851110228
0.006975829852520963
0.006990692259995489
0.007014716919395509
0.00704696818014589
0.007067022234470164
0.007073863004201684
0.0070892785617148
0.007102834843819795
0.007094696216203918
0.007118933169347987
0.007118299648200987
0.007087096912277485
0.007107488990074161
0.007098411515823708
0.0071515123270447225
0.007182005138067464
0.0072257126440714555
0.007257911560504659
0.0072820604234106094
0.007324881765438073
0.007302277845115475
0.007290102157545935
0.007280734238768274
0.0072625254540912895
0.007273052622385674
0.007278660733100193
0.007275001562067564
0.007279950998113429
0.0072857283507931385
0.0072662169420456635
0.007253401474656807
0.007256204291581879
0.007255110752707377
0.00721796993960715
0.007227623901596253
0.007226979399309489
0.0072183066963514226
0.007207391165040371
0.007188602162505289
0.00715754784485176
0.007146103425510821
0.00715755262582424
0.007134515596937935
0.007158011683486193
0.007188957502011059
0.0071748189646193075
0.007137578540053562
0.007161771775703606
0.00713835306237889
0.007133107071068897
0.007157943487357301
0.007150889735630171
0.007174984111812717
0.007187380799571229
0.007203820764241629
0.007192452997090834
0.007194121849787187
0.007204167723182589
0.007221589015710376
0.007229208855541184
0.007212110428898224
0.00723276868659692
0.007220249341775482
0.00724479892514296
0.007274831683234438
0.007284213230255274
0.007267521592586879
0.007267316996948729
0.00726050201429653
0.007248794050157892
0.007213643582663245
0.007232811696108111
0.007248849524248841
0.007234063262943393
0.007214779131717376
0.007217216291046416
0.0072279711526110684
0.007235626474472608
0.00723215874759834
0.007247490432655405
0.0072429695132567515
0.007232634421627235
0.007193906070679768
0.007148504286134124
0.007126930019295547
0.007143619179174473
0.007157595370566664
0.007182581494051679
0.00721268746089467
0.0072066386937331365
0.00721065582059709
0.007201051484593319
0.007188377000427729
0.007157151413026909
0.007140194542576107
0.007127389736125327
0.007149367522443104
0.007164473054428568
0.007147597858721961
0.00714700216008804
0.007142972155037263
0.007115324012942451
0.007119889553052679
0.007122876431287878
0.007128052823000148
0.007144376542804327
0.007159705242284377
0.007149560570401855
0.007164909418464512
0.007143665941984357
0.0071249673240707835
0.007153284536229946
0.007165078146614861
0.007184482791237226
0.007147903287371024
0.007148948219606296
0.007175576755271696
0.007179666728486985
0.00718811067192632
0.007205078523140788
0.00721595699857381
0.007189984370003367
0.007186372515746939
0.007169476765444899
0.00719402704720783
0.007178756230481868
0.007193777711361803
0.007223624449220104
0.007223135383095754
0.0072169114236350015
0.007252305506843475
0.007255099199599168
0.007298924236379877
0.007282754167122265
0.007324667965954642
0.00730342697029211
0.007300578531408772
0.007295606422853894
0.007298681247134173
0.007323390342476052
0.007329102094775945
0.007341692065406037
0.007363356162176035
0.007359871147347747
0.007374899688859807
0.007402255281231706
0.007442032096090016
0.007442614365862448
0.007472673501798664
0.007480617941627036
0.0074822294190646805
0.0074932311187808145
0.007503297788787317
0.007515641963099672
0.007541511388965453
0.007548281328037259
0.0075613132155110336
0.007576062611584511
0.007577733548539891
0.007602042572854035
0.00758582413976966
0.007580972813386434
0.007606375591089101
0.007625043656900112
0.007652756025064266
0.007630603162271341
0.007641650507663849
0.007663704574690749
0.0076670343504789745
0.007665989248066888
0.007666035761895166
0.007650697924287951
0.007650983836303889
0.007645583630413084
0.007619853052600339
0.007638502397368579
0.007616707138168294
0.007682259013202878
0.0076956071219735685
0.007716701342547888
0.007736840792003467
0.007803250683457675
0.00782242099987778
0.007841732192785299
0.007862166881843628
0.00792843788982204
0.00797760384345456
0.00803275458602148
0.008011591393164265
0.00805365921092188
0.008047826135513922
0.008054829242883909
0.00805725500925881
0.008072753581181655
0.008084581973321488
0.008093732556883679
0.008102438143475879
0.008128166226348968
0.008105594114305342
0.008097889708186734
0.008081316567953176
0.008065591859585258
0.008054355563443649
0.008045281438331298
0.00803747816728178
0.008053711732041988
0.008053156352499013
0.00804484958672414
0.008041606491775419
0.008059854274581764
0.008068497492846601
0.008083802084141351
0.008102119803625851
0.008052766081520302
0.007998688742793376
0.008001613766943853
0.00797546703937066
0.007931282518113494
0.007899237664304348
0.007873908693897022
0.00785402130588255
0.007857285088823973
0.007842128245140138
0.007827268568335306
0.0078122576877675005
0.007809761805597765
0.007784137649299595
0.0078008126579657425
0.007796777055565195
0.0078057256461949226
0.00781811882331013
0.007829060762797534
0.007840015642597465
0.007841693172318797
0.007828450338248168
0.007854526147198811
0.007831056286295704
0.007861967578277443
0.007843641011073892
0.007832741269612439
0.00783346507803941
0.007826332293437953
0.007793544926020838
0.007797224323493493
0.007780273571611388
0.0078117708539307395
0.007837217038394956
0.00784046151482502
0.007844823424661904
0.00784922218202156
0.007844756054195793
0.007833055682031194
0.007838372029896958
0.007852625398106548
0.007834896544500234
0.007846164434884504
0.007807290049018962
0.007793048238894578
0.007809569014211534
0.007804920869642402
0.00780365185596963
0.007802350172570994
0.007818456693580637
0.007812696730767302
0.00781471204714342
0.007800319879076911
0.007820139963139926
0.007836198862040364
0.007812579295686638
0.007781601429593576
0.007795979269297751
0.007821771182368143
0.007799104106114535
0.007818210286855476
0.00784428353142863
0.007860439652416173
0.007851386722455273
0.007849124246534604
0.007858429627461212
0.007858177540734665
0.007861921807749995
0.00787882164473555
0.007901943185415788
0.007935937242740842
0.007928248334228713
0.007958014262934266
0.007947927959187612
0.00794028150904061
0.007936654428815656
0.007911836372279529
0.007911957895423453
0.007894896264092361
0.007906068158918854
0.00790409882462706
0.007906347703080772
0.007914859089965406
0.007947846663777056
0.007950343443464252
0.007972897422929176
0.0079782063771754
0.007978351458911124
0.007997410536039673
0.008023906617789438
0.008051440556026706
0.008047651735659479
0.008034975649685373
0.00803288065039521
0.008050808504566492
0.008079402152725866
0.008113685513324856
0.008141508273654252
0.008125850972332063
0.008145031033572479
0.00814843719921445
0.008144592299153347
0.00814684514344259
0.00816571826466168
0.008162969382695083
0.008171758312820531
0.00818081477723583
0.008189073111215554
0.008192813457770497
0.008176802698642752
0.008171827840319378
0.008166131712568034
0.008171594114407264
0.008145277738349194
0.00815428035765578
0.008169348783979251
0.008178174801030346
0.008178195905404152
0.00818890895051025
0.008175039824387147
0.008173917938695515
0.008155593528820589
0.00816248551741596
0.008142421656390684
0.008110589891527211
0.00809448000055662
0.008109839684404112
0.008135894824751083
0.00812402116827974
0.008132490825369322
0.008139397468272492
0.008126599980472481
0.008113681895826948
0.00807874183896116
0.0080399372356452
0.008023744123142848
0.008040219561998206
0.008060955848297453
0.008085481721105438
0.008067939099452063
0.008104394766725143
0.008134191226793113
0.008141322248595028
0.00816910837292682
0.008198068005602773
0.008183946071181145
0.008200356410344892
0.008190459530913114
0.008213391726640993
0.008210242399787054
0.008223400301729779
0.008219980263143975
0.008229212170005605
0.008222555974281651
0.008241184212337126
0.0082427573720629
0.008260384057991333
0.008290463656891622
0.008284541779696732
0.008279764781970463
0.008288095607738497
0.00829707300384853
0.00827122733742612
0.008289638906170904
0.008306048816086677
0.008334257554396308
0.00835638852244536
0.008375881826643906
0.00839825494327917
0.008397617599267118
0.008390382056874065
0.008378156776834109
0.008387296167397284
0.008381735035693439
0.008387303063682409
0.008401359977169582
0.008426008755910442
0.008435257541117057
0.008421674620086833
0.008430256394125698
0.008443485217119663
0.008446738340432447
0.00843038650823383
0.008433357128731648
0.00843266645268811
0.008432681683830082
0.008426043355535193
0.00843458809545572
0.00843876618695216
0.008440702668580763
0.008465573970218123
0.008468549168988154
0.008474099779502864
0.008506035064870958
0.008498345318933691
0.008499113951991552
0.008487274381992652
0.008495267289318762
0.008495577721122251
0.008489471224988642
0.008479327182566797
0.008456656533240771
0.008444914823397102
0.008455152337661786
0.008441871074167002
0.008482532536221256
0.008494368430005924
0.008518922807307492
0.008538433115251095
0.008559671795385726
0.008571651181768964
0.008551065047629317
0.008572467727395516
0.008567458713389924
0.008564866856215797
0.008563016195921298
0.008550603415527321
0.008553511502695834
0.008546263301574767
0.008539322500664664
0.008532235164676338
0.008537373699059842
0.008541854613686884
0.0085517484849824
0.008558560284832258
0.008566642961843333
0.008562597632002233
0.008568111425960066
0.008558604518280792
0.008564725295067788
0.008566914537746027
0.008565814767653623
0.008582675651749697
0.008560102545607464
0.008572208517358175
0.008582927061826843
0.008604131214633293
0.008631409846965393
0.008626170499011989
0.008620927947241156
0.00862591390124548
0.008609435076376444
0.008594763799207062
0.008585271383942107
0.008570812347452437
0.008539141035147736
0.008548203514779616
0.00855579873567055
0.008549870559596039
0.008532695830676682
0.008557488887483809
0.008558756876030587
0.008551515132221209
0.008536034675758922
0.008573460540469995
0.008608352808662593
0.008644717397225905
0.008628567539313722
0.008664953317398047
0.008690387311346963
0.008691880757984622
0.008737998408246673
0.008755711690862217
0.00877665530521295
0.008770033146039306
0.008772807684168688
0.008762086744319596
0.00876322906734614
0.008761678784820082
0.00876570307455407
0.008744617956570715
0.00875127688802333
0.0087499947329881
0.008724471793359825
0.00872343754753616
0.00875012111044167
0.008768751610957436
0.008800560901279711
0.008807470688361794
0.00884054403266818
0.008848091444022448
0.008859474032591654
0.008855834218497593
0.008855815765089516
0.008865572584187105
0.008888995751578288
0.008878166216262197
0.008911766807126062
0.0088991979217278
0.008876166889126071
0.008865165064431092
0.008845779307115505
0.00882418864862891
0.008833836397433322
0.008810789643719244
0.008805612203379285
0.00879802883020308
0.008797072873620783
0.008768736340583658
0.008754860162272879
0.008768770883439393
0.008752863729331725
0.00872630398926161
0.008727446196062808
0.008730088975068833
0.008741969987188066
0.008721756850922267
0.008741631138368082
0.00878008898418419
0.008747617937509486
0.008742010236819298
0.008783320960926549
0.008793035190413611
0.00878325576411196
0.008777858431671476
0.008755539759244138
0.008746646353729926
0.008729512538108391
0.00873166654820283
0.0087342253790487
0.008716547401325892
0.008717890798015045
0.008694269524528338
0.008683383151477625
0.008649742687676728
0.008600906796243648
0.008608969888605397
0.0086034668197211
0.008605755763009502
0.008632901057533981
0.008661668515763011
0.008677143924834634
0.008710259948437628
0.008704900222947278
0.008704677979297009
0.008682239609257184
0.008650989863331697
0.008632236990104894
0.008588494605547777
0.008560272709316563
0.008530999443175985
0.008518182713096104
0.008514902321308202
0.008541456289260054
0.008531660206571832
0.00851566482854135
0.00852583097638656
0.008530832540676082
0.00851497084780385
0.00848512695400688
0.00852297980539463
0.008554456592367315
0.008587717262361284
0.00863350445912325
0.008630926337597166
0.00859937584545647
0.008600571832187726
0.008605552410409853
0.00861533185206214
0.008596310702844879
0.008573123034156074
0.008593493464171098
0.008596448347561297
0.00860084217299644
0.00860150705515425
0.008591119316532546
0.008587904401202844
0.008607681740825409
0.00862857257872863
0.008607029194408899
0.008613227111462295
0.008602140345775439
0.008621515035186907
0.008593201654431755
0.008607797648574356
